#     #     34|#  16|#  #     #     16|#  30|#  12|#  17|#  
#     #|16  0     0     11|#  #|27  0     0     0     0     
#     33|18 0     0     0     29|23 0     0     0     0     
#|4   0     0     #|15  0     0     15|17 0     0     #     
#|10  0     0     17|14 0     0     0     0     36|#  16|#  
#|16  0     0     0     8|11  0     0     14|12 0     0     
#|45  0     0     0     0     0     0     0     0     0     
#|13  0     0     11|9  0     0     13|18 0     0     0     
#     #     24|11 0     0     0     0     #|14  0     0     
#     9|12  0     0     13|6  0     0     17|10 0     0     
#|14  0     0     0     0     #|18  0     0     0     #     
#|26  0     0     0     0     #     #|12  0     0     #     