#     #     40|#  16|#  #     #     17|#  28|#  #     #     
#     11|12 0     0     #     23|10 0     0     25|#  #     
#|17  0     0     0     19|30 0     0     0     0     7|#   
#|16  0     0     36|17 0     0     #|20  0     0     0     
#     11|14 0     0     0     0     28|13 0     0     0     
#|43  0     0     0     0     0     0     0     0     #     
#|23  0     0     0     #     33|16 0     0     6|#   13|#  
#|9   0     0     0     24|19 0     0     0     0     0     
#     #     9|12  0     0     0     0     27|11 0     0     
#     4|42  0     0     0     0     0     0     0     #     
#|4   0     0     28|14 0     0     0     0     38|#  19|#  
#|17  0     0     0     0     0     #|16  0     0     0     
#     #     24|14 0     0     20|#  18|8  0     0     0     
#     5|44  0     0     0     0     0     0     0     0     
#|20  0     0     0     #|16  0     0     0     0     4|#   
#|11  0     0     0     12|14 0     0     11|10 0     0     
#     #|14  0     0     0     0     #|12  0     0     0     
#     #     #|15  0     0     #     #|3   0     0     #     